9.95901867771 2.0
6.35598984849 7.0
9.7936627383 8.0
10.6419908503 11.5
18.1155717161 24.0
13.4737354093 9.0
19.3204954945 24.0
16.2828214302 14.5
18.5726051672 20.0
7.65503512556 3.5
18.071875251 20.5
6.95561763752 1.5
12.4796310443 6.5
18.3419115225 15.5
3.14476861577 2.5
5.20620298235 7.0
8.77912516275 7.0
9.64683485685 12.0
11.469385061 8.5
17.9178991012 11.5
4.45405378195 4.0
9.10763984547 3.0
6.61313443201 8.0
17.0443877802 21.5
18.657748573 21.0
18.8071887166 22.0
8.88134235057 8.0
17.2183665354 20.5
14.1253778122 12.0
16.4979913738 23.5
18.2999751532 24.0
17.9833170007 18.0
14.935953789 15.0
9.74842283605 15.0
9.17993628327 3.0
6.24378417605 4.5
13.8890707934 12.0
6.25119733119 8.0
12.2652911785 12.0
5.22736230369 5.0
19.1000656883 22.0
17.7455167948 20.5
17.661016193 20.0
12.6125498549 11.5
7.67419111217 10.0
7.23067441066 1.0
11.5828747963 17.5
7.7364865003 7.0
16.6728457434 23.5
12.4228058888 10.5
18.6315983404 5.5
16.516653581 14.5
8.43959849486 16.0
8.58365872171 14.0
18.9197834081 2.0
14.929330211 15.5
8.70695084164 6.5
6.5319928771 4.0
9.68183357818 10.5
19.7369750859 24.0
15.1249498525 13.0
6.16250086199 4.0
10.8314969367 8.5
3.29647868868 4.5
20.8251744633 25.0
20.1937967754 24.0
3.68209433698 4.0
17.6952190694 21.0
18.8653998086 18.0
14.7660880109 13.5
13.0340208246 12.5
7.43720139463 4.5
12.9912502979 12.5
15.6073138191 15.5
5.73641343985 1.5
3.57535085366 5.0
2.67523107368 2.0
20.7237605764 23.0
18.3711979837 24.0
15.6009323472 14.5
5.87391915318 0.0
17.7434630836 18.0
7.17691014124 4.0
18.6780775015 11.0
18.40069748 19.5
18.9959272926 12.0
18.4095229953 6.0
18.8802037537 23.0
11.9094550693 22.0
4.4340686139 6.5
9.73786237753 13.5
8.73158942938 8.5
6.89218048373 6.0
14.4746200094 13.0
14.3105997628 12.5
12.1987051053 9.5
8.76664771212 6.5
14.2571048689 11.5
14.194186204 10.5
19.2318023425 21.0
5.72638388791 5.0
11.8761535519 15.5
19.8943008146 20.0
19.4424752366 13.0
6.46741226364 12.0
6.68634134392 6.5
19.0717929369 23.0
9.15458375446 11.0
13.4491059625 10.0
7.34905836604 6.0
10.1210961166 14.0
19.5239736889 19.5
16.2651260268 18.0
5.74090464331 7.0
19.9758369812 20.0
20.6230927717 23.0
10.4859231675 4.5
16.5981543716 12.0
20.0884270931 21.5
16.1044834102 15.0
2.72672492668 1.5
16.1368989248 18.0
14.4601309364 7.5
15.0453136343 23.5
6.01200396218 9.0
18.4402364077 19.0
10.9463241521 16.0
17.418705483 20.5
11.4785327054 12.0
18.7753396594 21.0
6.4000259327 8.0
19.7647501892 23.0
2.85274396509 2.5
12.3763957582 14.5
17.1501686431 2.0
16.5087644695 13.0
8.19090242411 2.5
19.8702397504 15.0
20.7650907705 23.5
2.01764314248 2.5
14.5656298709 14.0
19.8856238978 22.0
14.6881176773 16.0
4.13116586235 4.5
6.4632671812 4.5
17.6599763171 20.5
19.299049131 23.5
20.9086437308 24.5
20.0076292105 22.0
7.04084043976 1.0
13.96424652 16.5
7.40047889191 7.0
19.6987925493 17.5
12.4443954641 14.5
14.227976669 11.0
16.3646352331 21.5
14.9471398515 12.0
13.6146796596 15.5
12.1955327671 11.5
15.1085563922 10.0
8.34287306334 6.5
18.5220779138 19.5
16.1940157939 20.0
11.9424269448 3.5
7.50397778296 5.5
20.7646992359 23.0
20.201707702 16.5
13.315956056 11.5
6.44248130633 8.0
4.6891868693 3.5
5.87391915318 0.0
12.4956910702 16.0
4.22528513381 0.0
16.9951208126 23.5
13.7549656089 3.0
12.6152482541 4.0
10.3902128349 6.5
11.0683811885 5.5
3.39369732307 5.0
3.52144022187 4.5
8.11162649147 5.0
6.99105996926 7.0
14.2878655681 5.0
16.0576424227 16.5
19.50849476 25.0
14.4300867539 5.0
14.042620445 14.0
2.3709937977 3.0
17.1743733473 17.5
16.7723232847 22.0
7.47867589842 3.0
2.05038435737 1.0
20.4812240569 23.5
6.30662641546 5.0
4.12135844245 2.5
16.2080656222 19.5
8.74049649029 0.0
19.8119964397 20.0
18.0001610207 20.5
15.4782938441 19.0
8.15980857869 10.5
10.6287929982 15.0
15.6521615206 13.0
5.52427280071 10.5
15.1843464231 20.0
15.862597054 17.0
5.87391915318 0.0
18.6044922367 18.0
8.66758692034 8.0
5.87391915318 0.0
15.7313801829 16.0
14.910511952 18.5
15.1653719186 14.5
15.3871942086 15.5
20.8930778279 24.0
14.7218175478 19.5
17.6848989016 18.0
11.8507657313 17.5
16.6904298455 17.5
12.6621177672 8.0
6.04503893851 8.5
5.94758128488 2.0
16.8760084964 8.5
6.97559179806 6.0
12.7055621934 9.5
19.7007014763 21.5
9.1626848778 9.5
19.1663422641 24.5
15.6456316233 11.5
17.5148484704 17.0
5.2503072376 3.0
18.8974783405 18.0
6.61353641883 5.0
7.52467788355 4.5
5.54547659083 4.5
7.21393009465 4.5
15.1661567602 16.5
14.2600240194 9.0
11.9700765153 7.5
8.60140204822 10.5
11.0746011685 10.0
9.31453390251 7.0
17.01659966 16.5
17.4445151438 2.5
16.3536319226 16.0
14.0882382255 7.5
12.4092433728 0.0
13.8131541784 9.0
14.8961158081 17.0
12.267499747 16.5
18.1671952088 24.0
4.80610595775 3.5
6.8406419537 5.5
9.09045280416 1.0
16.2268513262 21.0
11.8134739815 9.0
11.5331793069 0.0
16.1417394554 22.5
10.231466413 7.0
20.0155880993 16.0
15.1846199389 19.5
8.64130494248 13.0
4.11721773839 2.5
14.3525894012 7.5
9.0499923962 8.5
12.9149343373 14.5
13.1316740622 18.0
13.2571036505 15.5
12.5097679808 8.0
12.9648725278 16.0
16.4280383498 20.5
2.95246646398 1.0
16.4336163884 16.5
10.8754171752 4.5
2.5881284661 7.5
16.5959321775 15.5
8.66171832025 11.0
12.5662795761 10.0
17.4945243642 15.0
19.0718613318 22.0
20.6726091415 19.5
17.2731251208 13.5
11.197064501 8.5
9.11959974834 13.5
2.21568517324 3.0
19.6211505741 23.0
14.8301170902 19.5
6.77967629268 7.0
10.1650565099 16.0
19.6910065637 24.0
16.5185287842 15.0
5.25340244594 7.0
15.7869431421 20.0
5.87391915318 0.0
9.17625689019 4.0
2.84655611856 2.0
16.2838650434 13.5
15.3531845026 21.5
9.69577187365 10.0
11.0736561387 14.5
18.7370879599 17.5
4.63706531 2.0
17.1197298408 12.0
19.6755869603 21.5
18.3310384778 23.5
8.30199154958 4.5
14.5404411924 8.5
19.8541066537 23.0
16.8715273685 17.5
16.9995665525 24.0
1.83984937209 1.0
17.2841725193 20.5
11.94594701 15.0
19.4546152439 23.0
8.5464897624 10.5
12.7730797651 13.0
18.4187212414 19.5
14.4017046086 14.0
16.8784012342 17.0
15.8851288814 21.0
5.68133435101 8.0
6.54203644915 10.0
19.6818402621 13.0
18.9886888792 3.0
4.47562189848 6.0
18.1542630044 19.0
13.5141742199 12.5
18.5673427654 19.0
8.11671268096 11.5
18.5365708143 18.5
13.0330962384 12.5
9.34750818099 8.0
14.7331289486 14.5
6.87376134723 5.0
7.98451437585 6.0
15.498971387 19.0
14.0740836841 20.0
8.15418642681 11.0
13.9342440066 20.5
5.49225253324 6.0
7.13897065496 13.5
10.2635169634 5.0
19.3945809222 22.0
6.99624396323 7.5
7.19504885857 7.5
3.62812617924 5.0
5.76925698499 9.0
17.9311044734 19.0
20.5203312411 21.5
12.6822780463 14.5
9.00239907691 6.0
11.1952691051 7.5
5.93066577447 3.5
15.6129045753 10.5
18.2020069233 22.0
9.11424541345 8.0
3.6258485553 4.5
10.1570182682 8.5
8.91583315825 1.5
11.7888719416 5.5
14.4136192274 11.5
20.8260982258 22.5
10.0258818336 8.5
14.0923168853 17.0
8.26048746905 9.5
16.4661637211 23.5
18.4607857724 15.0
8.48953240987 7.5
14.9939265809 21.0
19.669328081 22.5
10.290185624 5.0
18.6039007739 24.0
2.65539181677 3.5
15.2499938396 22.0
4.45339826086 4.0
17.7813658282 18.0
7.63123206307 11.5
7.04982271682 7.5
12.8058277011 2.0
12.359711536 13.5
14.8434537909 21.0
8.19521832418 7.0
7.02243698655 11.5
2.11133643455 1.0
19.5720826575 16.0
8.7262907247 6.5
18.6969654843 24.0
16.7330217533 20.5
18.377500809 21.5
7.39673250305 7.5
15.5735150413 21.0
10.5846873667 3.5
14.7972337578 15.0
18.00615803 17.0
17.1620327452 14.5
18.1552102647 14.0
17.3541210351 17.0
13.2220825886 12.0
6.061007358 2.5
16.6805738005 16.0
20.6608199431 21.5
11.159769206 18.0
18.1381591964 19.0
19.5385130825 24.5
16.5214321084 14.0
9.20564326494 11.0
6.58770136337 6.5
8.04936631497 6.5
18.2338267985 18.0
16.404818913 18.5
16.9082187611 18.0
12.863926561 13.5
7.9229232932 10.5
20.817485195 23.0
16.6713264297 19.5
8.1505693267 10.0
14.1420220756 12.5
16.5169890597 19.0
17.1701381677 14.0
6.4214789342 7.5
3.55367342694 3.5
17.9229511664 17.0
18.9050618906 24.0
19.0469501815 17.5
15.6024218078 17.0
17.4093749981 13.0
9.81941905782 10.0
11.4836074871 15.5
14.6925780735 17.0
4.0065406629 6.0
17.1160670389 19.0
20.2101527389 17.0
7.98450759424 1.0
2.52921586444 1.0
9.51766559015 0.0
13.9761543056 16.5
13.2768141943 9.0
20.0619992086 17.5
16.7557795201 22.0
17.288970718 19.5
17.7643933064 19.5
6.74299938299 9.0
19.1791638392 23.5
14.0807776541 22.5
8.83832127197 12.5
3.41414611878 2.0
4.4825250968 4.5
5.16416901703 2.5
13.7036819399 14.5
9.13295628898 16.0
14.6513617389 10.0
8.66013415358 6.5
4.21290717792 8.5
4.67759060247 6.0
16.7273601789 22.5
16.0570629757 15.5
16.2739816025 19.0
18.8601361766 21.0
19.1196205355 21.5
7.01005522325 6.0
16.980134363 17.5
15.3402308814 19.5
14.2649916199 1.5
18.2070625998 18.5
17.3207104891 17.0
17.7757789236 22.5
18.5559626706 21.0
2.4218063961 1.0
17.7256696462 17.5
7.28657600607 8.0
10.4893548826 19.0
16.1028272968 13.0
17.8189469074 21.5
12.7206162751 1.0
4.61396407616 4.0
16.1249339694 18.5
19.1076338704 21.5
17.3352509077 19.5
17.8037703412 23.5
16.3910180165 22.5
17.7193439928 18.0
7.31852668212 8.0
18.6750341344 17.5
14.5758123253 11.0
14.0626400816 11.0
13.7268706079 12.5
12.9753699594 13.0
7.62001114689 2.5
19.2566585209 24.0
6.85253633676 8.0
10.4083721356 8.0
20.4322310409 18.5
13.8747107554 3.0
12.0944214773 10.5
12.3681544276 14.5
3.24129492349 3.5
8.68752037571 13.0
13.5037439973 10.0
14.1457728854 14.0
11.6210611009 8.5
11.1982533664 11.0
11.1571032312 10.5
7.34385337509 8.0
9.51621869853 12.5
12.2705720046 1.5
15.2250398922 5.5
17.2199530656 21.0
7.65808947881 11.0
8.01758888493 10.5
19.3517308756 18.0
16.7202136603 24.0
12.0833512096 16.5
19.4324704148 23.0
20.3578205863 24.0
14.4258804403 13.0
14.7372909172 17.0
15.3491874629 13.5
14.1972320717 0.0
15.279832691 15.5
14.9900080697 16.5
12.5656097581 15.0
8.0400232282 2.0
16.1044834102 19.5
12.5623041016 6.0
14.5096848112 17.5
4.9266277472 3.0
6.35461180005 4.5
12.6586454286 14.5
6.63180863646 2.0
4.70543781809 2.0
14.1802586544 12.0
11.8989685137 11.5
10.0831556898 12.5
13.3936900365 15.5
20.9789276007 22.0
12.5678161211 10.5
17.218517355 15.5
3.21767935864 3.5
17.8980826379 11.5
2.01479983466 1.0
2.87922031762 4.0
9.53014008372 6.5
12.0805348279 15.5
19.7993474172 18.0
11.7904350391 8.0
3.94014101694 1.5
13.7967426912 12.5
14.9019325186 14.0
18.121434384 18.5
17.6255411899 15.5
10.2407031602 11.0
4.00702005482 5.0
18.4713675818 18.0
18.5386406264 24.0
19.3013510465 19.5
1.7736304162 1.0
16.7490566424 19.5
7.51988468476 6.5
16.3566854423 12.0
7.01973422272 5.5
8.08196619322 10.5
9.73131611367 7.0
14.5085478093 14.0
3.82982748629 1.0
16.2504411139 20.5
15.0167095439 13.0
15.0165518392 20.0
19.2838866072 23.0
9.32255143405 8.5
4.4536035672 4.0
4.05088162233 2.5
11.9853789606 0.0
5.40526287442 9.0
6.64786952572 7.0
3.7795547619 4.0
17.0849395441 11.5
11.807319969 19.5
18.1462238039 22.0
4.9514619871 4.5
4.83922124528 4.5
5.64572984263 8.5
2.5250928086 2.5
18.0105252612 20.5
17.0335839565 16.0
11.8251761843 16.0
13.1329959919 17.0
6.05310993909 0.0
18.7144142736 22.5
9.36717138186 7.5
14.8248794855 15.5
3.80928260059 4.0
18.95002634 18.5
6.8230050967 3.0
6.62856031924 1.5
7.62407267995 12.5
13.9833626609 12.0
6.19001722129 1.0
16.5219066358 1.5
19.9897004205 21.0
18.9764166434 20.5
17.6445170846 22.5
20.1631962344 21.0
11.606316057 8.5
6.83535327907 4.0
17.0775986976 21.0
18.9292489256 21.5
16.6638253061 19.5
20.8669357296 21.5
6.32141290872 0.0
11.1089622512 8.5
15.5220706749 18.5
5.92095416664 7.5
5.87391915318 0.0
19.0095362375 22.0
9.48498748999 15.0
4.19828205385 0.0
4.04537942503 4.5
6.38284660699 8.0
18.1702485393 23.5
14.1572915274 12.0
17.8851560676 21.5
16.791955514 19.5
12.1757678551 3.0
10.6720297529 5.0
6.76957372823 6.5
17.3258798557 20.0
8.87860409145 9.5
9.68033353335 10.0
6.33068157245 6.5
7.54496625543 3.5
3.47508127384 3.5
7.29320249402 5.5
14.121399382 17.0
19.6251999908 25.0
17.6997389103 15.0
18.9106125905 18.0
4.94939607844 5.5
19.4846975231 18.0
19.5272337616 20.0
9.58682442405 22.5
14.1583452898 11.0
13.1261646683 20.0
15.0669536924 9.0
5.53803072995 9.0
14.3530783134 14.5
16.3696742634 14.0
8.64822473267 9.5
15.1960950886 18.5
18.0487266548 21.5
14.3117804749 9.0
9.54042131755 2.0
18.7629926569 22.5
17.2913827479 18.5
17.7839753154 24.0
16.3705119283 21.0
2.08286967083 2.0
14.743932655 9.0
3.73615947643 3.0
17.7670463222 22.0
19.4971465685 18.5
19.0250926735 19.0
16.6804065078 15.5
18.4652307045 21.5
10.5716502846 9.5
17.8212655871 18.5
13.9078782543 20.5
7.06499037353 5.5
14.7739196504 14.5
1.80817171716 1.5
16.4474259932 19.5
14.1944335185 13.0
15.7420409076 20.0
9.97498257412 10.0
6.06197364809 0.0
13.915607088 15.0
7.27423372927 7.0
19.0079901035 22.5
14.1537699873 2.0
6.01870010538 13.0
18.2344291135 21.5
5.14560847322 1.5
15.9656172266 15.5
7.64926787321 16.0
19.7785188285 15.5
11.3840094102 6.5
11.4621007498 10.5
8.60989220073 5.5
8.33372078013 10.5
5.12976584689 5.5
6.02861125502 2.5
20.0969489239 24.5
4.95193532676 5.0
7.1987187404 8.0
18.5337758922 19.0
6.58400324109 10.0
14.6748755704 11.5
16.8826118097 15.0
6.47933881948 7.5
3.9973226687 9.0
13.569702467 3.5
19.893128824 17.5
3.90560228067 1.0
17.1921468623 20.0
11.0670307773 11.5
9.78121557296 9.5
7.75632614538 7.0
10.537141771 6.0
9.17599934979 13.0
14.0434381965 16.5
17.54051273 17.5
14.7206345482 12.5
11.9452092296 9.5
14.2926172061 13.5
6.47492315246 6.5
2.05378319678 1.5
12.607152311 11.5
11.269586559 7.0
11.4750062372 13.5
11.5309556263 14.5
2.06371518112 1.0
15.1906981294 21.0
14.7395366547 10.0
18.9511804136 16.5
5.18967000824 5.5
18.226822651 20.0
4.08547799226 4.5
19.9521151407 23.5
8.31482546776 8.0
12.6162642111 12.0
6.17229942915 3.5
7.99143083692 3.0
17.0322599129 24.0
16.8998563454 18.0
3.92253183153 1.5
14.8114842696 19.5
9.2104955672 7.0
16.7447546986 17.5
17.2633790597 15.5
16.5632020542 20.5
17.0988587853 17.0
14.0851294691 11.0
16.3569291627 16.5
19.8162028759 23.5
17.9832287387 14.5
18.4155329248 14.5
18.221945803 22.0
12.1927202051 10.0
16.7057582512 13.5
17.0696839622 21.0
11.0528543463 11.5
6.8844622222 7.0
18.840221072 15.5
15.5190949836 10.5
18.6142270258 18.5
8.74290356401 5.0
4.69468627929 2.0
12.9666607463 4.5
10.5402705509 15.0
13.7936116729 17.5
5.21541735222 3.5
19.1382683659 19.0
3.04143003614 1.5
12.0668380924 3.0
12.2726581415 12.5
17.4838461646 19.0
6.86957082555 6.0
17.6928393248 17.5
18.0490296217 14.5
11.5832942572 12.5
6.54177591204 7.5
5.50044381173 3.0
19.2304427221 21.5
8.08717717679 8.0
16.2354563625 11.5
9.17449992479 9.5
13.9338528873 16.5
16.1248373249 1.0
4.6949353096 2.0
18.7425487199 23.5
16.2442910136 14.5
19.294961813 20.5
13.8590311667 9.0
14.859376645 22.5
7.82621910644 9.5
8.09895563644 8.0
16.0175818201 19.5
2.93260510497 2.0
2.99274132094 2.0
13.3557626557 14.0
17.2373799098 17.0
16.6457883972 19.0
8.75327121541 9.5
5.02508549296 5.0
13.4240271829 12.5
4.84632130801 4.0
19.3243856139 22.0
20.3387971611 19.0
17.6371513003 24.0
14.115870907 10.0
8.21371799419 14.0
15.2435352279 13.5
10.726674456 9.5
12.3031113055 8.5
9.88903572701 13.0
11.7668907551 12.5
15.1202997897 14.0
6.35260888496 6.5
19.4698453763 24.5
2.14744986924 1.0
19.2889982739 21.0
20.0358755506 15.5
15.8826036403 22.5
16.9355745355 14.5
15.2178537089 5.5
15.375643628 17.5
12.9562554559 10.0
12.8834421926 4.5
12.960949903 13.0
5.56122791525 3.5
15.0988235754 14.0
15.0469960534 11.0
13.746223723 15.0
20.9082413897 18.5
15.7698099779 18.5
19.6757501245 23.0
16.323118557 16.5
13.1147849918 15.5
18.5974219536 24.5
11.6143351186 11.5
16.4960903087 16.5
17.3570417003 19.0
18.7770228895 20.0
16.0668755209 10.0
12.4093434976 16.0
10.9087210834 2.5
15.3884861703 16.0
14.1731669286 3.0
16.3723446995 14.5
14.2018051571 9.5
15.796600703 22.5
20.1589849327 24.0
11.8883336001 4.0
7.78543580937 7.0
20.1436091379 24.5
18.2970337053 23.0
10.6433004778 0.0
8.62125673677 10.0
7.22971783063 5.0
16.7315996608 17.0
14.6313408533 16.5
15.5516603101 12.5
13.3443809859 10.0
10.2575592154 7.5
14.8578035433 13.0
11.1686557456 16.0
10.5336678688 4.0
5.89481763337 1.5
20.721776017 23.0
7.87770524927 6.0
16.704192011 19.5
5.84561251769 8.0
8.04250775983 11.0
18.781354438 23.5
2.61253763219 2.0
6.68385015578 9.0
14.9770726253 9.0
5.47064690011 6.0
16.2619669876 19.0
9.1336469266 11.0
19.261121005 22.5
16.4554485584 20.0
4.62950910033 1.0
10.7847689872 8.5
7.66350081449 11.5
5.10793004234 4.0
4.70614043552 4.0
19.1543295695 13.0
12.9652383883 14.0
5.51361449616 2.5
13.6025569244 13.0
12.6169164912 10.5
12.92755819 12.0
8.76155543676 5.0
17.7064581501 18.5
1.86490485455 1.5
17.6390632514 17.5
16.3148757004 12.5
18.3571975751 23.0
13.436995488 18.0
15.7755434556 18.5
7.02337671414 5.0
16.3512620463 13.0
14.4032005194 14.5
8.2673712294 7.0
10.7629261058 12.0
6.41733115945 3.0
18.5683250969 24.0
16.5640915838 10.5
17.7084464113 17.0
19.0458437394 21.5
5.31784311373 7.5
5.76632208998 6.5
16.2809953396 19.0
15.6348432936 12.5
17.8340418723 20.0
10.6793775488 4.5
19.8294685701 22.5
14.0009865834 23.5
17.267002374 19.0
5.75118151187 3.0
16.094317555 22.5
17.4653624375 22.5
9.56462295675 7.5
16.0758532954 16.0
15.3048858964 22.0
18.5078281934 23.5
6.52945552986 1.5
19.570728354 19.0
5.43670892395 4.0
16.994569646 20.0
15.6716435755 18.0
8.46902064265 5.5
8.0463146202 8.5
20.5732074451 24.5
15.6042098605 13.5
15.671697906 10.0
17.5880994655 19.5
13.0058075188 8.0
12.4869438763 13.0
16.226575509 19.0
18.3751480223 15.5
16.7894758791 1.0
3.87919339056 4.0
20.5360618707 22.0
16.0231508528 18.5
20.8546961519 22.5
7.69451188483 6.5
7.61300432039 9.5
12.8049725311 9.5
15.2625591403 15.5
15.5354134294 13.0
17.9841511792 18.5
15.6456996563 18.5
12.1662124469 6.5
14.4184021007 17.0
16.3208196451 15.0
7.20480638388 4.5
9.59310634093 6.5
14.758920327 17.0
7.38899146082 12.0
12.5236103921 16.5
4.50904180658 5.5
19.7696277517 21.0
17.5306899524 16.0
16.9745029116 11.5
5.51598973492 7.0
5.87391915318 0.0
4.94989192092 1.0
16.5425282395 18.0
20.2098236475 22.0
13.5590657162 9.0
12.5350251609 13.0
11.0904990245 13.5
17.6205621644 17.5
16.8950304864 15.5
13.1571487731 13.0
16.7444233507 23.5
19.7637056625 21.5
5.11172124577 9.0
9.165926634 14.5
12.4289335296 0.0
10.5160577724 10.0
16.608744559 19.0
4.39792031509 3.0
3.81399770349 2.5
15.6880359942 22.0
10.4671959226 12.0
8.80898586775 16.0
4.59687858296 4.0
12.8527509442 11.0
8.61007980828 13.0
8.43528663072 7.5
8.12610587878 5.0
12.4618157106 16.5
17.0918349314 12.0
18.8527621647 23.0
16.6923749914 18.5
13.3281046433 11.0
9.96758569775 6.5
6.42366489501 8.0
5.38947257596 6.0
5.87391915318 0.0
4.64784192508 7.0
11.4146533282 12.0
20.2197916584 23.0
20.0271326694 23.5
5.89696421207 2.5
18.584341542 20.5
5.91255456843 4.5
17.9511454769 11.0
18.4925330873 23.0
4.07849692923 3.5
14.1607515305 17.5
16.1723813095 2.5
14.7218175478 19.5
14.1379609943 20.5
15.0813153596 18.0
19.7303709944 20.0
19.6714237138 18.0
4.5923460459 3.5
12.2472715962 3.0
10.3593990638 2.5
8.33946269385 5.5
13.8853951548 13.5
4.89972313773 1.5
16.9792908924 12.5
4.09714571877 7.5
9.87634460154 14.5
15.020313045 9.5
18.9343743296 23.0
5.61337702372 4.0
8.94438943883 9.5
15.9489086184 12.5
7.93292073135 5.5
18.3322116804 11.0
15.5847816636 6.0
7.98088296565 3.5
8.01758888493 10.5
9.90035270373 6.0
10.7184139456 7.0
13.8547905158 9.5
11.9114095082 11.5
6.17325378017 9.0
9.39792626963 6.0
11.7888719416 12.5
9.61201740821 9.5
3.34000543331 1.5
16.7428277863 20.5
18.9729811432 22.0
8.20510113328 8.5
4.58336214356 3.5
17.6323784533 17.0
4.81609315213 5.0
13.197137393 14.0
3.8422458577 3.5
9.68621940072 6.5
4.15290550124 1.5
3.61401287759 3.0
17.2554685037 16.5
2.51959799463 1.0
15.5810137942 18.0
5.84441670536 7.0
16.2299914971 10.5
4.60974682101 3.5
15.9205647229 21.0
12.1751074964 23.0
10.3028197525 1.0
8.0503701581 17.0
14.8458853384 15.0
18.5453224996 23.0
15.0574008454 21.5
18.5901344387 20.5
17.0625701641 19.0
12.6909314505 7.5
2.93054844938 4.5
10.0045362213 13.5
6.20657549165 6.0
19.4150438855 10.5
17.249464249 15.5
7.44628043701 9.5
20.5271387855 23.5
15.450588081 12.0
18.482192385 22.5
6.72209287701 1.5
15.3011072243 18.5
4.34868401415 5.5
8.84840984756 13.5
18.3263592647 21.5
19.3505264942 23.0
18.699593202 22.5
17.6005324969 16.5
17.3658054424 16.0
8.1741119028 6.5
16.7758556208 23.5
17.3404096882 9.5
18.1905681245 17.0
3.74353933577 2.5
17.5179133424 22.0
15.1051719652 20.0
18.3675867028 24.0
19.0509976526 23.5
7.77726071486 6.5
11.4207828753 14.0
17.299989023 15.0
13.8529346364 12.0
4.83690507403 7.5
8.64077723242 3.0
7.26504319764 6.5
20.0356593051 23.0
9.49574943431 0.0
17.9428682146 15.0
17.4552679206 20.5
15.8614439318 19.5
20.4384501225 22.5
6.49865529695 8.5
12.8856684044 11.0
15.6707222277 22.5
9.12157903654 11.0
6.71644608321 4.5
11.6828548295 5.5
10.3188208691 10.0
5.78117229875 2.5
9.01756657576 9.5
2.98626540374 3.5
6.40188183556 6.0
17.7401419801 16.5
14.045100652 9.0
15.2286647957 23.0
15.2322154823 16.0
7.90716376944 11.5
9.27842252168 11.5
7.74981227365 1.0
5.3663027451 6.0
8.21564950797 6.0
18.5028224328 21.0
19.5827441935 23.5
5.22217780481 4.5
14.6394768716 17.5
15.3601450499 12.5
18.2811690652 19.0
18.9280248603 24.0
19.6947300427 12.0
7.53094692172 12.0
16.3760396472 14.0
15.6210362768 17.5
9.71689837774 13.0
15.2245506137 21.0
18.4642673802 20.5
16.9827347036 15.0
15.8121858191 16.5
7.43147136132 3.5
2.59139891758 9.5
2.68858103217 3.0
7.77433354382 5.5
6.67257636042 1.0
16.7363956513 17.5
20.5106123841 17.5
16.6721609174 11.0
18.8255908583 23.0
5.85685224207 6.0
7.60037106488 11.0
6.65662881152 8.0
19.0447205934 14.0
11.5760375002 9.0
9.8735423692 3.0
17.2272503889 16.5
8.75022086658 13.5
16.2949556215 15.0
14.4955678268 18.5
13.033119387 9.5
17.381941163 14.0
14.930397585 14.5
17.4322999859 20.0
20.5705616104 23.0
14.4862956392 14.0
19.1539692367 18.5
9.43123311664 8.5
4.40660156518 8.0
19.4593028489 24.5
17.0983299702 13.5
9.46402811811 11.0
11.1786566959 10.5
16.2459561734 13.5
15.2630687426 15.0
7.5204631551 10.5
11.2684872982 12.5
12.1079573646 8.5
13.866132175 19.5
18.7802806496 22.0
2.93793214534 0.0
3.9488900265 7.0
16.8794380381 18.0
14.0093984159 9.0
12.3595449513 15.0
6.87513028533 11.5
20.2645226417 24.0
16.1935184474 20.0
5.98159472913 7.0
16.7227072896 13.5
5.78568416498 9.5
15.9288402829 17.5
18.4086382869 23.0
5.10347814559 6.0
2.66953392505 3.0
18.4246308421 22.5
15.976796833 15.0
5.43031385994 5.5
11.8743305105 2.0
17.9816977258 21.0
15.3905515781 16.5
14.467896881 7.5
8.48730153524 9.0
8.80500767743 13.0
2.23639856909 1.5
14.1205248136 14.0
19.7738459051 24.0
10.5011767186 14.0
17.2686904408 20.0
9.72586229035 5.0
4.10243028904 2.5
12.5248494585 12.5
5.0959087484 2.5
17.269155027 21.5
5.5345810504 1.5
5.71252430972 4.0
19.0294269698 15.0
12.0624222511 9.0
2.02651215902 1.0
6.25740106078 4.0
18.7538327184 23.5
16.5755612689 18.5
16.7713892417 16.5
13.0433203432 9.5
20.436602815 23.5
14.9748925302 15.0
2.42342839338 2.0
14.3960722315 13.5
14.5461125144 22.5
12.0894371405 13.5
18.9629933047 19.0
16.6573058158 9.5
16.0779359374 20.0
13.6449614338 12.5
15.4168634058 18.5
15.6337729139 16.0
11.5909299435 15.5
10.7364568443 1.5
5.87391915318 0.0
19.6569053874 25.0
15.5543003073 15.5
16.230209914 17.0
15.582423242 14.5
6.664113388 6.5
2.29130423809 2.0
11.8001931312 7.5
8.63714532749 5.0
1.93988779197 1.5
6.51029812193 3.0
15.3548574298 18.5
14.1562932813 14.0
20.0624859263 0.0
14.390321754 14.5
17.6343060371 10.0
13.9676248171 21.5
14.8610388188 10.5
20.6569999812 17.0
20.1828789509 24.0
12.2121867117 7.5
5.94587618517 6.5
12.2797305243 9.0
11.7797902941 10.0
19.8207975791 20.5
16.6202932607 2.0
14.2597823378 0.0
3.5833562327 4.0
13.3721182745 7.5
17.1778350653 22.0
2.20264802338 3.5
6.33214337317 0.0
3.99499213505 2.0
11.7968421762 9.0
10.4890527539 10.5
10.5896659963 6.0
11.5575346812 11.5
13.1252924925 8.0
11.3495598636 11.5
17.0769667344 16.0
20.3629242597 23.5
5.0062511323 4.0
7.8083669864 5.0
8.82787960935 7.5
11.463730768 5.5
12.9109069352 13.5
18.6682658535 24.0
14.678760039 14.0
13.2759386284 0.0
10.4789176069 10.0
2.23823680441 1.0
16.1597121817 15.0
8.92014401013 9.5
10.2519597434 14.5
5.72443288424 3.5
14.0093280439 11.0
6.16657044362 7.5
17.2142349247 20.5
8.38116477805 6.0
7.7757071847 8.5
5.63582112789 4.5
5.9464740084 2.5
14.7253974666 10.5
14.870885262 18.5
18.4284414043 23.5
8.79344635265 18.0
2.38179914894 4.0
8.98465710899 4.0
7.2621802944 8.0
15.9910255534 12.5
15.3818461311 21.5
16.7225814127 23.5
19.1410372697 22.5
8.53274719535 11.0
6.70121436899 1.0
19.1994819747 20.5
7.56415319146 5.5
15.7352725018 16.0
6.37523191998 3.0
5.12086743769 11.5
19.267909211 19.5
9.58212798838 5.5
11.9788731695 2.5
5.76281811003 5.0
19.2116604135 20.5
17.1669097871 13.5
19.112234317 15.5
12.9032556566 14.0
14.6388183023 11.0
19.4917795677 21.0
2.44202601848 3.5
13.0180633885 14.0
4.22168663121 6.0
19.8543004984 20.0
18.4964913404 23.5
3.53195451525 2.0
17.8458614391 21.0
17.890786355 21.5
19.2217017618 22.5
10.4893548826 19.0
5.91078071524 5.5
18.6517737654 24.5
17.8031899133 22.0
7.17983678028 7.0
18.6553770408 18.5
14.1836403341 16.0
18.2392094684 20.5
14.9568230727 8.5
4.2550559212 2.5
13.3704129669 10.5
6.99359425886 1.0
16.1793141911 16.5
11.85357242 5.5
15.7066941925 17.0
14.5205087246 21.0
8.59810466939 5.5
18.6540555771 23.0
14.9849762684 5.5
15.6638056161 13.5
16.2863079252 20.0
14.9135833537 19.5
2.59414175462 3.0
17.0221576737 0.0
16.0113320684 21.5
3.57221129906 2.0
10.0505712405 16.0
19.2402635411 22.0
7.44706469149 10.0
7.70655005036 10.5
8.43919275365 6.0
14.1970688823 16.0
15.4984220575 22.5
2.68546091593 2.5
15.6821101257 17.0
6.34861308629 2.5
10.243870551 9.0
14.5818896408 17.0
12.3336378946 7.0
14.6784079348 2.0
7.77215637928 10.0
16.3965810335 9.5
14.4293219998 16.5
16.3344228108 21.0
20.385792007 19.0
8.01036201512 7.5
8.5122891524 12.0
10.22428752 11.0
14.6876535002 10.5
8.69746490134 8.5
7.23556946603 4.0
10.7242925435 12.5
5.1868841575 4.5
11.6055897557 21.0
13.6726614986 13.5
19.3535758455 19.0
11.1859894483 8.5
17.2343055374 17.0
14.5111899938 12.0
8.77077831647 5.5
18.6592724151 20.0
3.50552498402 5.0
2.59969978015 2.5
5.91586732 8.5
6.63804419787 1.5
16.7105166077 12.0
8.14557545296 12.5
17.8851165789 22.0
13.8943445163 21.5
18.8633355587 20.5
15.9535243943 22.0
4.97971886737 1.5
8.85742183811 8.5
17.939902242 21.5
3.0488543622 1.5
16.517403598 17.5
14.0651603046 5.0
6.9498959838 1.5
10.8141141387 2.0
17.7945915931 11.5
2.54815256948 2.5
2.09656307292 0.0
14.1287429032 1.5
5.73391882697 5.0
17.8072537696 16.0
16.3771851388 15.0
5.77953114583 9.0
8.12712488506 9.0
12.9704729433 12.0
18.9074108706 16.5
19.0339712026 20.5
9.90176194553 10.0
14.704298878 17.5
17.164222428 2.0
20.1769442615 24.0
18.0904467248 20.5
13.897536422 11.0
18.2582286291 3.0
18.0721549203 20.0
16.330886559 22.5
3.73051367927 4.5
14.338631613 17.5
18.0784246429 24.0
3.81417837062 3.5
16.240033503 18.0
19.8867552356 23.0
18.3949190379 18.0
9.34178535206 8.5
17.099217582 16.5
8.07423799009 6.5
15.2317017334 13.5
7.02975048932 14.0
20.5065197108 22.0
17.7815780511 21.0
16.6553668349 13.5
4.69457310399 3.5
6.38793815975 7.0
2.13233013668 3.5
